0.824422
0.840023
0.789890
0.951592
0.440532
0.802668
0.772571
0.728364
0.970832
0.799536
0.930539
1.001972
0.895647
0.790483
0.682142
0.766096
0.899573
0.823092
0.901983
0.917012
0.785250
1.010930
0.819660
0.932389
0.802258
0.851840
0.864823
0.742377
0.763283
0.790454
0.788729
0.637819
1.163605
0.880141
0.736329
0.754487
0.621609
1.046006
0.834892
0.732746
0.689148
0.875453
0.765321
0.771439
1.088415
0.789544
0.679838
0.657830
1.144972
0.694012
0.988851
0.893470
0.971886
0.666190
0.865033
0.769560
0.772208
1.156873
0.767262
0.913503
0.899186
0.903958
0.814731
0.766657
0.864154
0.908628
0.813517
0.857951
1.050733
0.768797
1.099043
0.811345
0.988730
0.850335
0.863093
0.882168
0.694507
0.823855
0.816421
0.823144
0.647527
1.231718
0.925066
0.714834
