0.811194
0.816481
0.822338
0.960765
0.409081
0.772023
0.830692
0.762244
0.887219
0.782842
0.928082
0.936825
0.917719
0.840576
0.717791
0.770539
0.911950
0.841143
0.850726
0.930557
0.803457
1.001645
0.869154
0.932315
0.838688
0.852475
0.858501
0.779475
0.785420
0.860475
0.811718
0.634440
1.168913
0.887010
0.829162
0.787735
0.615679
1.047059
0.905649
0.718216
0.710639
0.856745
0.811250
0.677108
1.082681
0.890703
0.690516
0.684080
1.058257
0.791488
0.928877
0.898556
0.994928
0.669959
0.877034
0.798981
0.780340
1.114692
0.782141
0.927663
0.976242
0.903052
0.837179
0.772796
0.905788
0.914802
0.825461
0.876347
1.124267
0.823314
1.154662
0.833093
1.017864
0.773436
0.852366
0.886320
0.745954
0.856190
0.898049
0.836425
0.639824
1.188230
0.926716
0.799991
