0.447764
0.397507
0.475794
0.581355
0.320498
0.462203
0.473660
0.475259
0.490001
0.444733
0.512083
0.474019
0.505824
0.489728
0.413075
0.443817
0.527979
0.501593
0.543877
0.533807
0.480970
0.546976
0.496132
0.546115
0.404976
0.516994
0.501465
0.455148
0.479843
0.514438
0.466023
0.456656
0.604167
0.501387
0.477081
0.387063
0.283395
0.551065
0.458793
0.428291
0.452750
0.497344
0.370140
0.250579
0.564778
0.415727
0.376709
0.390971
0.528703
0.449257
0.484431
0.496454
0.543687
0.414089
0.491674
0.463182
0.487913
0.567947
0.433709
0.510544
0.496155
0.503470
0.484293
0.456321
0.520423
0.522985
0.507677
0.515529
0.562821
0.472197
0.611431
0.480211
0.587514
0.392891
0.514764
0.510884
0.451020
0.487955
0.502068
0.495831
0.393100
0.616023
0.487974
0.481277
