0.495244
0.503248
0.557386
0.594118
0.312977
0.480847
0.532341
0.484637
0.477087
0.498950
0.561111
0.542346
0.548273
0.520594
0.431771
0.448597
0.581082
0.584155
0.559858
0.563730
0.500732
0.600055
0.554106
0.594746
0.464482
0.570468
0.548408
0.520987
0.461528
0.534520
0.518525
0.389697
0.589681
0.505157
0.478915
0.445343
0.407728
0.621743
0.476072
0.430636
0.428290
0.516727
0.461203
0.422758
0.649087
0.494839
0.388765
0.412308
0.644772
0.481169
0.549597
0.613618
0.610103
0.409981
0.498632
0.510692
0.493101
0.701562
0.472934
0.566537
0.564008
0.547600
0.525444
0.445236
0.553233
0.588651
0.569989
0.573747
0.647701
0.499493
0.681111
0.540596
0.645870
0.435035
0.583970
0.575583
0.491493
0.514798
0.528400
0.544629
0.380337
0.633015
0.533483
0.464887
