0.827831
0.747546
0.842399
0.990261
0.614071
0.835420
0.823581
0.843821
0.748374
0.835597
1.034842
0.926444
0.938787
0.920369
0.797287
0.795314
0.868563
0.928418
0.839791
0.935863
0.840175
0.871153
0.889908
0.893580
0.814768
0.821989
0.851863
0.836934
0.798171
0.826193
0.774397
0.831081
1.052016
0.891662
0.863646
0.671959
0.565656
1.066254
0.811402
0.828623
0.868416
0.893861
0.666809
0.577030
1.053878
0.741411
0.723454
0.733662
0.997817
0.786709
0.843101
0.873428
1.041253
0.859996
0.881098
0.793463
0.873754
0.940580
0.776973
0.934627
0.910630
0.951842
0.858724
0.876655
0.942792
0.889019
0.865716
0.837279
0.972283
0.839604
1.051479
0.840162
0.957308
0.835327
0.816924
0.899675
0.801374
0.849153
0.845973
0.783657
0.703551
1.036330
0.878502
0.855570
