0.346086
0.297623
0.339340
0.398653
0.224979
0.328943
0.329862
0.341675
0.310433
0.323470
0.336285
0.358819
0.358386
0.373797
0.299339
0.318002
0.359312
0.358919
0.370164
0.375586
0.340125
0.362764
0.356540
0.342422
0.323786
0.367365
0.362584
0.346442
0.338939
0.349337
0.356221
0.348369
0.420123
0.343479
0.358022
0.230930
0.204295
0.403950
0.337448
0.297987
0.335561
0.312213
0.234831
0.213539
0.414270
0.324676
0.279611
0.304410
0.349729
0.328680
0.341711
0.361074
0.390911
0.307824
0.361901
0.334543
0.350701
0.363327
0.312255
0.356764
0.368651
0.375910
0.355067
0.318818
0.366084
0.373489
0.352630
0.361176
0.383905
0.337597
0.414755
0.341280
0.370493
0.301330
0.353681
0.370966
0.326610
0.345238
0.339944
0.380722
0.294384
0.419005
0.342956
0.351289
