0.557558
0.574607
0.518701
0.795349
0.332141
0.521497
0.518303
0.474478
0.687941
0.562051
0.583164
0.671476
0.567656
0.533576
0.475927
0.553326
0.594827
0.580724
0.581676
0.687134
0.544634
0.693556
0.567897
0.767958
0.543435
0.554719
0.541826
0.611455
0.508965
0.552814
0.484990
0.453336
0.779499
0.570375
0.522018
0.446679
0.328702
0.610596
0.510511
0.490622
0.498784
0.505361
0.439328
0.375159
0.615864
0.500199
0.472796
0.451668
0.569762
0.514925
0.582126
0.554654
0.843578
0.461971
0.583758
0.544178
0.519791
0.847872
0.556685
0.580114
0.713988
0.549234
0.548631
0.499989
0.638878
0.520284
0.578297
0.567254
0.800192
0.540872
0.750239
0.553716
0.870114
0.533901
0.555128
0.557345
0.588685
0.537985
0.542438
0.532855
0.453582
0.747279
0.568874
0.509984
