0.351735
0.306670
0.347137
0.359180
0.227375
0.322104
0.321605
0.300305
0.320292
0.332251
0.371177
0.358906
0.355644
0.343954
0.286170
0.313851
0.376432
0.362937
0.385092
0.376227
0.341656
0.374072
0.346686
0.366078
0.297621
0.348701
0.355697
0.320850
0.326599
0.351514
0.301884
0.288469
0.426929
0.352403
0.333107
0.258900
0.203665
0.400908
0.322236
0.292625
0.310281
0.331791
0.249857
0.205814
0.405105
0.302383
0.274136
0.287511
0.387776
0.324687
0.346072
0.361250
0.385519
0.298151
0.352380
0.328879
0.330275
0.419982
0.327949
0.376305
0.343212
0.350000
0.344933
0.314893
0.364978
0.366688
0.375098
0.376230
0.418060
0.333615
0.418582
0.345003
0.383390
0.270063
0.359003
0.358176
0.313905
0.346554
0.352212
0.334324
0.263222
0.424422
0.364277
0.327008
