0.723043
0.668507
0.792562
0.827980
0.360141
0.667236
0.669337
0.592011
0.873326
0.605632
0.673183
0.870103
0.757375
0.692937
0.594227
0.647611
0.809430
0.577673
0.763494
0.800877
0.676136
0.793876
0.774666
0.784608
0.717249
0.742488
0.761889
0.614878
0.634457
0.718751
0.603609
0.526926
0.981860
0.757274
0.720242
0.589661
0.436993
0.987613
0.804439
0.566049
0.599884
0.772457
0.645057
0.509542
1.032513
0.835233
0.592882
0.584765
0.944207
0.832050
0.816426
0.834924
0.862155
0.554991
0.739529
0.657722
0.673217
0.985112
0.594326
0.775066
0.826952
0.786852
0.696618
0.652215
0.786399
0.844852
0.701069
0.728745
0.936083
0.669991
0.917600
0.753049
0.866469
0.719739
0.742317
0.827822
0.614578
0.684874
0.742447
0.621794
0.496384
0.971204
0.796221
0.703451
