0.571982
0.660660
0.670247
0.734477
0.352142
0.567694
0.580651
0.522849
0.686800
0.574876
0.716802
0.678575
0.672860
0.604422
0.524259
0.645478
0.703514
0.709213
0.694486
0.706354
0.609337
0.772673
0.671049
0.750107
0.629215
0.668361
0.665389
0.572170
0.580309
0.592007
0.627744
0.509729
0.880171
0.678962
0.565189
0.583680
0.539177
0.825817
0.647966
0.544935
0.566704
0.800838
0.624223
0.616732
0.844279
0.635825
0.511857
0.545998
0.849910
0.500862
0.755391
0.720380
0.768776
0.517384
0.601448
0.556561
0.549819
0.844947
0.531906
0.708476
0.674676
0.708334
0.568716
0.562214
0.712370
0.653630
0.652646
0.709356
0.814458
0.592778
0.917898
0.631996
0.800770
0.695925
0.664686
0.679616
0.563857
0.638183
0.577467
0.618417
0.495123
0.861939
0.676200
0.551543
