0.546168
0.488897
0.682766
0.788043
0.365157
0.577152
0.556170
0.542754
0.634694
0.580785
0.689116
0.716734
0.625030
0.555261
0.498712
0.590775
0.716076
0.628478
0.666688
0.741544
0.616949
0.716999
0.645201
0.790976
0.562474
0.651349
0.659291
0.635815
0.575072
0.598038
0.532039
0.500265
0.712794
0.622865
0.593344
0.425619
0.297822
0.748106
0.604968
0.510911
0.542522
0.594777
0.431416
0.347892
0.736763
0.567288
0.488203
0.514866
0.710898
0.534881
0.631115
0.691089
0.841784
0.499585
0.637345
0.579285
0.578718
0.896631
0.548650
0.665143
0.775646
0.646918
0.542434
0.565292
0.731192
0.659177
0.610095
0.635241
0.857419
0.589393
0.850489
0.608383
0.847462
0.563628
0.620809
0.679611
0.603285
0.600112
0.589729
0.571365
0.483720
0.796702
0.622042
0.586367
