0.540053
0.571075
0.637514
0.748580
0.357950
0.535065
0.554128
0.522306
0.598067
0.526493
0.687748
0.620550
0.640422
0.587024
0.519125
0.628949
0.704050
0.659934
0.674552
0.655198
0.568765
0.661896
0.605045
0.675105
0.615983
0.624772
0.613114
0.566711
0.554740
0.553207
0.545810
0.482375
0.763318
0.634964
0.544010
0.501749
0.430101
0.772812
0.655946
0.519440
0.537735
0.633903
0.494016
0.441666
0.791204
0.625107
0.498657
0.537622
0.742032
0.513430
0.636780
0.637513
0.784733
0.498616
0.578966
0.542645
0.549260
0.758811
0.501657
0.673754
0.615676
0.637285
0.564779
0.543893
0.664938
0.690541
0.625033
0.662827
0.714523
0.561367
0.799669
0.583555
0.757878
0.573331
0.624076
0.640776
0.552212
0.582170
0.548538
0.592021
0.490330
0.757199
0.660038
0.537363
