0.673559
0.722236
0.783919
0.868523
0.386776
0.630437
0.665565
0.607339
0.926840
0.638667
0.764912
0.834239
0.808424
0.642259
0.601101
0.664502
0.862559
0.780167
0.812358
0.774188
0.687562
0.889788
0.749185
0.809067
0.760400
0.794578
0.786378
0.654141
0.639198
0.694375
0.712338
0.531735
0.943954
0.735170
0.603386
0.700725
0.628127
0.920951
0.677872
0.620180
0.575510
0.764849
0.767736
0.751390
0.977221
0.688246
0.576718
0.550621
0.894763
0.618098
0.883850
0.807788
0.931818
0.556316
0.676308
0.663996
0.602015
1.122933
0.607858
0.764190
0.868884
0.820343
0.642415
0.628515
0.747034
0.821766
0.734299
0.786452
0.984800
0.664863
1.002575
0.711830
0.917416
0.735086
0.773720
0.794046
0.623395
0.683741
0.658547
0.737442
0.504643
0.924893
0.740239
0.578650
