0.721487
0.745494
0.829028
0.938391
0.434723
0.777801
0.779701
0.699968
0.869732
0.735429
0.860960
0.911563
0.846111
0.730315
0.706057
0.858157
0.902900
0.828791
0.851184
0.922554
0.785581
0.969418
0.837579
0.924000
0.766346
0.828154
0.838044
0.791910
0.708391
0.812719
0.669112
0.577927
1.156419
0.860056
0.775255
0.726660
0.660519
1.056144
0.821931
0.681419
0.661296
0.995297
0.788027
0.752289
1.091091
0.803922
0.645711
0.655355
1.103858
0.760537
0.945794
0.911892
1.024668
0.600010
0.812800
0.772057
0.706234
1.147972
0.675327
0.865082
0.985936
0.869682
0.754425
0.751851
0.927684
0.908448
0.810389
0.846833
1.008078
0.767958
1.147536
0.814556
1.052035
0.805907
0.815186
0.889985
0.755545
0.782965
0.794104
0.729806
0.548505
1.240879
0.906433
0.751588
