0.472532
0.445173
0.480351
0.563028
0.334224
0.463922
0.438214
0.453153
0.582399
0.458139
0.499923
0.568177
0.497312
0.490947
0.430498
0.448264
0.509745
0.509096
0.537799
0.659457
0.467691
0.552893
0.482783
0.525253
0.500148
0.502898
0.502637
0.409124
0.455928
0.485266
0.410953
0.401704
0.607942
0.480225
0.490152
0.423722
0.355855
0.558078
0.445591
0.422415
0.457753
0.471712
0.422728
0.374863
0.583719
0.460247
0.400415
0.386164
0.555213
0.465343
0.483304
0.485818
0.591107
0.428615
0.502656
0.437562
0.469818
0.565624
0.477538
0.530253
0.571497
0.514167
0.486806
0.423300
0.442154
0.536850
0.496437
0.505255
0.714457
0.441981
0.582485
0.464967
0.552701
0.455650
0.507159
0.479883
0.383437
0.466561
0.476233
0.462092
0.357213
0.600710
0.495117
0.478582
