0.348882
0.282221
0.346220
0.399392
0.289673
0.340040
0.337705
0.365274
0.364325
0.332317
0.372113
0.388833
0.359280
0.383018
0.270754
0.363681
0.362667
0.361919
0.390298
0.356152
0.341449
0.389600
0.364296
0.360509
0.293046
0.382317
0.378564
0.320085
0.350069
0.361650
0.366116
0.356894
0.452920
0.335042
0.358824
0.241272
0.165905
0.380574
0.318492
0.305195
0.319854
0.320926
0.253898
0.208636
0.398510
0.304677
0.278231
0.277252
0.365048
0.352263
0.334189
0.385859
0.372552
0.350904
0.367812
0.332384
0.366688
0.397814
0.324047
0.372631
0.364517
0.358845
0.373457
0.318660
0.326225
0.368687
0.395067
0.378867
0.401602
0.348870
0.408199
0.356202
0.394906
0.292304
0.368738
0.370569
0.309706
0.349085
0.362481
0.344364
0.320089
0.405140
0.333996
0.352696
