0.421448
0.420471
0.413510
0.501279
0.287975
0.426513
0.395195
0.397930
0.440789
0.392076
0.463387
0.485475
0.455572
0.440573
0.374569
0.453283
0.462061
0.438344
0.465968
0.513111
0.423237
0.493256
0.434298
0.493432
0.401621
0.459330
0.455719
0.407309
0.436493
0.438489
0.437040
0.423864
0.578567
0.425080
0.442097
0.337272
0.222267
0.510714
0.403237
0.384585
0.439631
0.392294
0.326389
0.183771
0.532594
0.399036
0.365757
0.413478
0.446889
0.438812
0.449672
0.455443
0.509433
0.408575
0.464062
0.410338
0.435928
0.520693
0.427694
0.484117
0.485183
0.475674
0.421581
0.382275
0.472704
0.462115
0.445029
0.448856
0.545906
0.423704
0.542989
0.432292
0.510684
0.419411
0.460854
0.439445
0.392805
0.427405
0.425785
0.466802
0.388820
0.534721
0.436517
0.427621
