0.552907
0.554826
0.528030
0.610591
0.394361
0.522063
0.518196
0.492933
0.558566
0.502812
0.581454
0.572891
0.587768
0.542353
0.466647
0.502908
0.560600
0.562711
0.559104
0.556265
0.528580
0.645478
0.558232
0.592962
0.528252
0.539757
0.533569
0.516194
0.510005
0.521068
0.492069
0.509916
0.686743
0.568240
0.509068
0.538967
0.419778
0.659661
0.576445
0.500637
0.498607
0.571021
0.567872
0.447143
0.680138
0.564642
0.463706
0.483210
0.670738
0.471319
0.603526
0.572934
0.633472
0.487027
0.551067
0.481376
0.513330
0.704728
0.477729
0.579145
0.595794
0.591751
0.530765
0.516278
0.582973
0.555048
0.544808
0.559111
0.620423
0.523803
0.698200
0.535653
0.625078
0.531111
0.538008
0.554459
0.508754
0.544832
0.519356
0.515305
0.431582
0.732990
0.592901
0.492942
