0.871935
0.803763
0.773295
0.894655
0.491884
0.803220
0.769525
0.771102
0.733201
0.768358
0.927919
0.929230
0.953969
0.845437
0.777259
0.760896
0.862965
0.837568
0.856334
0.845098
0.832895
0.969209
0.874061
0.860631
0.821033
0.829379
0.841828
0.815279
0.805804
0.838075
0.794566
0.684661
1.068260
0.909128
0.856543
0.713861
0.612335
1.066329
0.825956
0.800118
0.867607
0.897571
0.724994
0.694015
1.108941
0.814266
0.732617
0.803711
1.058617
0.841755
0.891941
0.874753
0.946506
0.798019
0.904067
0.758248
0.806471
0.932787
0.701113
0.910461
0.890933
0.916611
0.834351
0.842720
0.960591
0.881389
0.845984
0.835930
1.004412
0.792220
1.140282
0.807121
0.975491
0.726423
0.827975
0.875557
0.762082
0.843282
0.814559
0.821123
0.678618
1.103395
0.951757
0.814357
