0.758014
0.723414
0.801779
0.911939
0.484149
0.792513
0.728347
0.722099
0.820360
0.730377
0.878760
0.928478
0.886511
0.789806
0.744122
0.775830
0.891958
0.826125
0.857314
0.896851
0.813294
0.932492
0.849470
0.913827
0.738217
0.814018
0.829888
0.726062
0.771622
0.824861
0.711026
0.592265
1.164732
0.907061
0.819317
0.670417
0.415770
1.006233
0.840108
0.745584
0.738919
0.897547
0.702227
0.545720
1.024665
0.780988
0.666047
0.695757
0.978384
0.751724
0.923296
0.863204
0.939300
0.663589
0.887635
0.746671
0.764145
1.129580
0.720024
0.899253
0.980474
0.899639
0.813093
0.791437
0.955621
0.873754
0.797433
0.867333
1.010158
0.796654
1.078468
0.816857
1.009371
0.789957
0.844499
0.898117
0.702933
0.816711
0.851086
0.758046
0.530886
1.139524
0.944311
0.794173
