0.546141
0.614241
0.687010
0.812478
0.442754
0.687064
0.625251
0.606095
0.729755
0.617417
0.720417
0.773215
0.722998
0.676470
0.600284
0.657731
0.762754
0.589528
0.695437
0.793907
0.657900
0.817537
0.704874
0.792955
0.691585
0.688660
0.729449
0.625751
0.632882
0.664853
0.582124
0.547233
0.888496
0.715827
0.692028
0.506324
0.257448
0.850152
0.650234
0.591178
0.610874
0.637184
0.528577
0.364929
0.869902
0.656027
0.585767
0.592623
0.759285
0.625248
0.726591
0.765624
0.860143
0.584577
0.732887
0.624605
0.646698
0.912145
0.603208
0.729541
0.750096
0.721021
0.667854
0.635616
0.730180
0.775236
0.665412
0.732130
0.900410
0.670014
0.856927
0.694129
0.828654
0.687932
0.692142
0.708436
0.621559
0.668664
0.651450
0.545945
0.561693
0.922829
0.751831
0.674352
