0.253815
0.230488
0.265700
0.298288
0.239636
0.269051
0.265863
0.255296
0.258441
0.261621
0.307937
0.300289
0.277852
0.288508
0.250474
0.250146
0.288078
0.307077
0.284761
0.293332
0.275971
0.261294
0.280649
0.285384
0.248923
0.288228
0.277118
0.275991
0.271673
0.283755
0.263524
0.271295
0.294101
0.270681
0.279154
0.213534
0.182237
0.283850
0.246004
0.232623
0.243197
0.255983
0.223236
0.190883
0.281301
0.236597
0.208953
0.226557
0.289554
0.264908
0.260575
0.279898
0.298495
0.251706
0.280802
0.256705
0.286175
0.277667
0.249937
0.282868
0.278039
0.276043
0.275308
0.244538
0.296380
0.276472
0.291997
0.269835
0.313116
0.268351
0.310863
0.269203
0.299649
0.238784
0.276969
0.290785
0.270462
0.274352
0.279781
0.261159
0.260756
0.312102
0.273940
0.271468
