0.744172
0.800872
0.780608
0.923082
0.451827
0.759842
0.766048
0.731046
0.860707
0.722656
0.860639
0.883275
0.783772
0.752051
0.693822
0.734301
0.837387
0.852999
0.851251
0.850819
0.753413
0.918002
0.797090
0.867011
0.738826
0.823786
0.807907
0.697189
0.740809
0.805841
0.712151
0.577143
1.104019
0.849874
0.787948
0.696741
0.521667
0.995740
0.801976
0.694666
0.686594
0.832551
0.704180
0.592669
1.028120
0.811235
0.660386
0.692501
0.992663
0.660420
0.896228
0.823781
0.946449
0.641508
0.814145
0.734784
0.729831
1.067946
0.664190
0.847534
0.901130
0.841963
0.745570
0.713112
0.893521
0.850511
0.810098
0.844466
0.974421
0.751276
1.051321
0.763635
0.952556
0.764303
0.825203
0.856350
0.671425
0.772061
0.800415
0.813284
0.535585
1.097412
0.865273
0.774007
