0.893099
0.752576
0.855407
0.922737
0.464583
0.775080
0.756212
0.730340
0.969515
0.715740
0.847970
0.906207
0.873025
0.772454
0.754711
0.845135
0.928477
0.828381
0.860113
0.946583
0.799227
1.016430
0.839201
0.950432
0.848164
0.839266
0.846404
0.772423
0.772735
0.826802
0.703152
0.568574
1.249336
0.919285
0.833985
0.713269
0.537485
1.090474
0.903404
0.744827
0.754203
0.924981
0.726152
0.564992
1.118798
0.880390
0.702176
0.694996
1.105126
0.886318
0.970247
0.870696
0.977861
0.657828
0.855487
0.795359
0.747295
1.152549
0.700475
0.917050
0.953355
0.916100
0.793157
0.783644
0.890735
0.919911
0.852934
0.862793
0.995763
0.783235
1.106059
0.838971
1.001214
0.922923
0.848027
0.867588
0.741447
0.821878
0.813349
0.832181
0.539860
1.133409
0.926057
0.823644
