0.5402446675665585
0.4892582802780297
0.5974382922020799
0.8109296357811452
0.0961688013886508
0.5235125895489356
0.5154044842984572
0.47136641324422585
0.6415950519473694
0.4940761068852787
0.7028509161038539
0.7341718869241501
0.6693750843395737
0.5865451615620617
0.40737041422987047
0.524677209558372
0.7085260745167691
0.6443702534080198
0.684918766864763
0.7459645313099637
0.5580464119019061
0.7787576530929978
0.6332373789547001
0.7444060975365312
0.5240512584455922
0.6401918842270566
0.63754668447573
0.5200084564403082
0.5126496512876719
0.5891453587027285
0.49287050451537456
0.3821679311985424
0.9910544051010645
0.6396179722300661
0.5601493598661047
0.3540950813824468
0.12105505757327956
0.8836323680051368
0.5700042653238988
0.4222572272076277
0.4643123854605641
0.6210028763883291
0.3813955388404623
0.20606551714142085
0.9260998587964215
0.5335833464668336
0.3410433332155049
0.3796963254545883
0.8456861459079682
0.50168522570366
0.6823344705812554
0.6869017655577527
0.8619638445320869
0.40177091993204134
0.6288452232110618
0.5018192102787487
0.534068370174493
0.9578585127966888
0.4505977176581951
0.7022473224902581
0.7386678700343403
0.6878413522837646
0.5654653293712991
0.4856439229212163
0.7054725087945015
0.6974139704763472
0.6315099909198276
0.6587252483235776
0.9220906779741438
0.5382201003922588
0.9875929371670967
0.5841450058361981
0.8692503796819466
0.5064896746849283
0.6331820516674864
0.6772480691636684
0.47362466513058155
0.578299658916876
0.5795584383962984
0.5581275690348149
0.3017600515661743
1.0
0.6716012294227854
0.5292192744860417
