0.48155473420505046
0.44984221194524304
0.5695561983431904
0.7210142251725937
0.03500858469492276
0.46352133956658553
0.47051128952112975
0.41567917409007304
0.5959330531042624
0.445921982167728
0.6568982971030323
0.6551899358388502
0.6260428817989668
0.5210617612335686
0.3709859411981452
0.47445320742626274
0.6396597713281842
0.5846001814049866
0.6080918037840707
0.6686326374598269
0.49219987974106266
0.7159533640088858
0.5816791717885322
0.6642292880118361
0.4682918034381831
0.5698593519355484
0.5565320276466189
0.4803877671865698
0.45481427045602424
0.5285579057639204
0.442770967785481
0.279413939632935
0.9443624486061776
0.5958885997084018
0.5093663857427844
0.33974675608416666
0.054591383219701334
0.8057002388227235
0.5304340837442961
0.37281303255023673
0.40420632372649823
0.5678469215484003
0.36714033066832324
0.15832416491247644
0.8525722907519635
0.481918146871602
0.3157313205891342
0.3366823158117369
0.7996355385070113
0.4630934786529465
0.6354935254681402
0.6360845024629411
0.7575039579721683
0.33650247292436375
0.5709244489516421
0.4365642958294241
0.470575880458333
0.9034967736868473
0.39931015050340196
0.6542117525075674
0.6719888028850505
0.6274113495650916
0.513746124902301
0.44714927070435717
0.6595593455096967
0.6477780165537882
0.5547722050883566
0.5936470247000163
0.8335916287976791
0.4742663021837296
0.9092159210955755
0.5156482016670396
0.7879058338502251
0.46232567200987396
0.5537279172772757
0.6379336245114149
0.4291203364015493
0.5232051104371878
0.5361194601478464
0.5142765575508574
0.2574899739133818
0.9468506820317074
0.614200321266438
0.47305342252181204
